0.000000000000000000e+00 4.211359496250228318e+00
5.050505050505050414e-02 5.411252039710721995e+00
1.010101010101010083e-01 4.777481334624848586e+00
1.515151515151515194e-01 4.075078612686348301e+00
2.020202020202020166e-01 3.094736189521730463e+00
2.525252525252525415e-01 1.725677717503921516e+00
3.030303030303030387e-01 -1.194083479081010424e+00
3.535353535353535359e-01 -1.465041176253044863e+00
4.040404040404040331e-01 -1.099026760760573040e+00
4.545454545454545303e-01 -2.948851290123220004e+00
5.050505050505050830e-01 -3.259458060992043382e+00
5.555555555555555802e-01 -2.851833220077592213e+00
6.060606060606060774e-01 -4.699486292564057699e+00
6.565656565656565746e-01 -3.791012150429640570e+00
7.070707070707070718e-01 -5.559575004949012467e+00
7.575757575757575690e-01 -5.298075550117534505e+00
8.080808080808080662e-01 -5.467532011853406537e+00
8.585858585858585634e-01 -4.680814204854316429e+00
9.090909090909090606e-01 -6.455839486693442986e+00
9.595959595959595578e-01 -3.949881613175490358e+00
1.010101010101010166e+00 -4.141601782903261864e+00
1.060606060606060552e+00 -2.247654696981628675e+00
1.111111111111111160e+00 -2.683202300580074251e+00
1.161616161616161547e+00 -1.300707478051417620e+00
1.212121212121212155e+00 1.379771612759172372e+00
1.262626262626262541e+00 1.448663761370809766e+00
1.313131313131313149e+00 3.429330039809724173e+00
1.363636363636363535e+00 3.498211164533491235e+00
1.414141414141414144e+00 6.162191282678854520e+00
1.464646464646464530e+00 4.277131713032455096e+00
1.515151515151515138e+00 4.407892232995008541e+00
1.565656565656565524e+00 3.277254118215092049e+00
1.616161616161616132e+00 6.536401540100100327e+00
1.666666666666666741e+00 4.206636568513757446e+00
1.717171717171717127e+00 4.869447801529565467e+00
1.767676767676767735e+00 3.859351359760674782e+00
1.818181818181818121e+00 3.382654456754746963e+00
1.868686868686868729e+00 3.492577110922709061e+00
1.919191919191919116e+00 1.015883675201693315e+00
1.969696969696969724e+00 -1.227367082207839744e+00
2.020202020202020332e+00 -1.866760740282596753e+00
2.070707070707070496e+00 -1.621569446049560215e+00
2.121212121212121104e+00 -2.996700984892664010e+00
2.171717171717171713e+00 -5.330865749306978429e+00
2.222222222222222321e+00 -9.992836188261855490e-01
2.272727272727272485e+00 -3.800193048689836317e+00
2.323232323232323093e+00 -6.464121921754869327e+00
2.373737373737373701e+00 -5.312105298559539612e+00
2.424242424242424310e+00 -4.662375218242268637e+00
2.474747474747474918e+00 -4.730801292806972036e+00
2.525252525252525082e+00 -2.704404646570045312e+00
2.575757575757575690e+00 -4.420204284401116013e+00
2.626262626262626299e+00 -4.218162864554756419e-01
2.676767676767676907e+00 -9.100552447692183966e-01
2.727272727272727071e+00 -4.550926011681605265e-01
2.777777777777777679e+00 2.349214917715368944e+00
2.828282828282828287e+00 2.172785267108929386e+00
2.878787878787878896e+00 2.193203198204697557e+00
2.929292929292929060e+00 4.173886962477376450e+00
2.979797979797979668e+00 4.661583145094733815e+00
3.030303030303030276e+00 5.885881554163711726e+00
3.080808080808080884e+00 4.682863351499370275e+00
3.131313131313131048e+00 3.411695229991147826e+00
3.181818181818181657e+00 4.810472743446186250e+00
3.232323232323232265e+00 3.897917662206654477e+00
3.282828282828282873e+00 3.677293918624311431e+00
3.333333333333333481e+00 1.591850210492382178e+00
3.383838383838383645e+00 1.293568994698599539e+00
3.434343434343434254e+00 -2.002333419584212848e+00
3.484848484848484862e+00 1.012011973811383747e+00
3.535353535353535470e+00 -3.387295104346033092e-01
3.585858585858585634e+00 -1.958734592425624754e+00
3.636363636363636243e+00 -2.504116420869522130e+00
3.686868686868686851e+00 -6.281415916524088594e+00
3.737373737373737459e+00 -5.022487875203630381e+00
3.787878787878787623e+00 -5.025267980749752894e+00
3.838383838383838231e+00 -5.402153989699802317e+00
3.888888888888888840e+00 -4.083907175148062230e+00
3.939393939393939448e+00 -6.429019136472289730e+00
3.989898989898989612e+00 -4.727831059208419617e+00
4.040404040404040664e+00 -2.344677800892696062e+00
4.090909090909090828e+00 -3.164623236282492869e+00
4.141414141414140992e+00 -2.676171756047603267e+00
4.191919191919192045e+00 -7.785929505325595024e-02
4.242424242424242209e+00 7.848977416817812802e-01
4.292929292929293261e+00 1.646879152140538816e+00
4.343434343434343425e+00 5.306801929985651700e-01
4.393939393939393590e+00 3.336145317656035836e+00
4.444444444444444642e+00 3.256051411352298253e+00
4.494949494949494806e+00 4.020972278344423501e+00
4.545454545454544970e+00 4.671646563368825333e+00
4.595959595959596022e+00 6.208170725035479620e+00
4.646464646464646187e+00 3.943002283469207114e+00
4.696969696969697239e+00 3.319427231789163990e+00
4.747474747474747403e+00 4.921620599758527170e+00
4.797979797979797567e+00 3.750711727309911314e+00
4.848484848484848619e+00 2.810735154817357362e+00
4.898989898989898784e+00 6.186239765035872473e-02
4.949494949494949836e+00 -3.713592792427644618e-02
5.000000000000000000e+00 -9.644966648261282804e-02
